     -7.01967      1.19542     -5.82425     0.796944
     -7.00516      1.18286      -5.8223     0.788572
      -6.9853      1.16397     -5.82133     0.775979
     -6.96185      1.14084     -5.82101      0.76056
     -6.93518      1.11546     -5.81971     0.743641
     -6.90968      1.08932     -5.82036     0.726212
     -6.88407      1.06338     -5.82068     0.708921
     -6.85742      1.03802     -5.81939     0.692016
     -6.83406      1.01337     -5.82069     0.675582
     -6.81148     0.989498     -5.82198     0.659666
     -6.78631       0.9666     -5.81971       0.6444
       -6.765     0.944961     -5.82004     0.629974
     -6.74746      0.92516      -5.8223     0.616773
     -6.73027     0.907965      -5.8223      0.60531
     -6.71676     0.894136     -5.82263     0.596091
     -6.70594     0.884289     -5.82165     0.589526
     -6.70057     0.878914     -5.82165     0.585943
     -6.70105     0.878423     -5.82263     0.585615
     -6.70527     0.883295     -5.82198     0.588863
     -6.71642     0.893797     -5.82263     0.595864
     -6.73074     0.909736     -5.82101     0.606491
     -6.75361     0.930329     -5.82328      0.62022
     -6.77633     0.954019     -5.82231     0.636013
     -6.80285     0.978594     -5.82425     0.652396
      -6.8253       1.0017     -5.82361     0.667798
     -6.84335      1.02137     -5.82199      0.68091
     -6.85891      1.03627     -5.82263     0.690848
     -6.86727      1.04593     -5.82134     0.697289
     -6.87251      1.05052     -5.82199     0.700349
     -6.87139      1.05037     -5.82101     0.700248
     -6.86782      1.04583     -5.82199     0.697219
     -6.86056      1.03728     -5.82328     0.691522
     -6.84963      1.02571     -5.82393     0.683805
     -6.83688      1.01296     -5.82393     0.675303
     -6.82473      1.00178     -5.82295     0.667851
     -6.81677     0.995118     -5.82166     0.663412
      -6.8159     0.995219     -5.82069     0.663479
     -6.82362      1.00294     -5.82068     0.668625
      -6.8371      1.01771     -5.81939     0.678475
     -6.85624      1.03782     -5.81842     0.691882
     -6.88066      1.06062     -5.82004     0.707083
     -6.90303      1.08298     -5.82004      0.72199
     -6.92288      1.10187     -5.82101     0.734577
     -6.93597      1.11463     -5.82134     0.743085
     -6.94272      1.11943     -5.82328     0.746288
     -6.93731      1.11532     -5.82199     0.743545
     -6.92467      1.10236     -5.82231     0.734905
     -6.90328      1.08162     -5.82167     0.721078
     -6.87785      1.05521     -5.82264     0.703474
     -6.84969      1.02608      -5.8236     0.684054
     -6.82046     0.997834     -5.82263     0.665223
     -6.79678     0.974153     -5.82263     0.649436
     -6.77969     0.958037     -5.82166     0.638691
      -6.7736     0.951295      -5.8223     0.634196
     -6.77578     0.954121     -5.82166     0.636081
     -6.78749     0.965184     -5.82231     0.643456
       -6.805     0.982047     -5.82295     0.654698
     -6.82394      1.00163     -5.82231     0.667753
     -6.84474      1.02081     -5.82393     0.680541
     -6.85974      1.03678     -5.82296     0.691187
     -6.87006      1.04743     -5.82263     0.698286
     -6.87435      1.05171     -5.82263     0.701143
      -6.8723      1.04966     -5.82263     0.699776
       -6.863      1.04231     -5.82069     0.694874
     -6.85202      1.03101     -5.82101     0.687338
     -6.83933      1.01702     -5.82231     0.678015
     -6.82421      1.00126     -5.82295     0.667506
     -6.80875     0.984506     -5.82425     0.656337
     -6.79276     0.967865     -5.82489     0.645243
     -6.77767     0.953101     -5.82457       0.6354
     -6.76619     0.942269     -5.82392     0.628179
     -6.76109     0.937178     -5.82392     0.624785
     -6.76075     0.938771     -5.82197     0.625848
     -6.76939     0.946764     -5.82262     0.631176
     -6.78244     0.959818     -5.82262     0.639878
     -6.79796     0.975985     -5.82198     0.650657
     -6.81288     0.993165     -5.81971      0.66211
     -6.82803      1.00961     -5.81842     0.673073
     -6.84269      1.02428     -5.81842     0.682852
     -6.85691      1.03688     -5.82004     0.691251
     -6.86936      1.04771     -5.82165     0.698472
     -6.87829      1.05728     -5.82101     0.704856
     -6.88853       1.0659     -5.82263     0.710601
     -6.89444      1.07343     -5.82101     0.715623
      -6.9012      1.07922     -5.82198      0.71948
       -6.903      1.08231     -5.82069      0.72154
     -6.90356      1.08191     -5.82166     0.721271
       -6.899      1.07767     -5.82133     0.718446
     -6.89029      1.06993     -5.82036     0.713288
     -6.88069      1.05968     -5.82101     0.706451
     -6.86795      1.04824     -5.81971     0.698824
     -6.85761      1.03693     -5.82068     0.691286
     -6.84769      1.02668     -5.82101     0.684451
     -6.83812      1.01776     -5.82036     0.678506
     -6.82908      1.01001     -5.81907     0.673342
     -6.82118      1.00308      -5.8181     0.668719
     -6.81303     0.996545     -5.81648     0.664363
     -6.80685     0.990045      -5.8168      0.66003
     -6.80305     0.983328     -5.81972     0.655552
     -6.79569     0.976298     -5.81939     0.650865
     -6.79053     0.969192     -5.82134     0.646128
      -6.7835     0.962491     -5.82101     0.641661
     -6.77636     0.956965      -5.8194     0.637977
     -6.77222     0.953152     -5.81907     0.635435
     -6.77085     0.951136     -5.81972     0.634091
     -6.77109     0.950403     -5.82069     0.633602
     -6.76949      0.95009      -5.8194     0.633393
     -6.76819     0.949438     -5.81875     0.632959
     -6.76684     0.948094     -5.81875     0.632063
     -6.76464     0.946214     -5.81843     0.630809
     -6.76278     0.944358     -5.81842     0.629572
      -6.7627     0.943299      -5.8194     0.628866
     -6.76321     0.943818      -5.8194     0.629212
     -6.76539     0.946316     -5.81907     0.630877
      -6.7698      0.95073     -5.81907      0.63382
      -6.7753     0.956553     -5.81875     0.637702
     -6.78431      0.96297     -5.82134      0.64198
     -6.79034     0.969326     -5.82102     0.646217
     -6.79715     0.975165     -5.82199      0.65011
     -6.80073     0.980359     -5.82037     0.653573
     -6.80636     0.985016     -5.82134     0.656678
     -6.81095     0.989287     -5.82166     0.659525
     -6.81329     0.993251     -5.82004     0.662167
     -6.81656     0.996842     -5.81972     0.664561
     -6.82076      1.00007     -5.82069     0.666712
     -6.82383      1.00314     -5.82069      0.66876
     -6.82921      1.00657     -5.82263     0.671049
     -6.83186      1.01084     -5.82102     0.673896
     -6.83637      1.01601     -5.82037     0.677337
     -6.83946      1.02136      -5.8181     0.680904
     -6.84259      1.02546     -5.81713     0.683641
     -6.84469      1.02691     -5.81778     0.684607
     -6.84453      1.02481     -5.81972     0.683206
     -6.83713      1.01935     -5.81778     0.679569
     -6.83064      1.01189     -5.81875     0.674596
     -6.82509      1.00473     -5.82036     0.669819
     -6.82112      1.00044     -5.82069     0.666957
      -6.8215      1.00114     -5.82036     0.667426
     -6.82738      1.00798     -5.81939     0.671988
      -6.8391      1.02068     -5.81842     0.680453
     -6.85701      1.03761      -5.8194      0.69174
     -6.87892      1.05629     -5.82264      0.70419
     -6.89611      1.07412     -5.82199     0.716081
     -6.91169      1.08905     -5.82264     0.726034
      -6.9234      1.09979     -5.82361     0.733191
     -6.92744      1.10577     -5.82167     0.737181
     -6.92995      1.10699     -5.82296     0.737993
       -6.928      1.10374     -5.82426      0.73583
     -6.91965      1.09637     -5.82328      0.73091
     -6.90786      1.08522     -5.82264     0.723479
     -6.89395      1.07066     -5.82328     0.713775
     -6.87595      1.05332     -5.82264     0.702211
     -6.85697      1.03401     -5.82296      0.68934
      -6.8366      1.01364     -5.82296     0.675759
     -6.81703     0.993103     -5.82393     0.662069
     -6.79753     0.973278     -5.82425     0.648852
     -6.77858     0.954979      -5.8236     0.636653
     -6.76364     0.939069     -5.82457     0.626046
     -6.74882     0.926508     -5.82231     0.617672
      -6.7413     0.918347     -5.82295     0.612231
     -6.73992     0.915671     -5.82425     0.610447
     -6.74295     0.919353      -5.8236     0.612902
     -6.75234     0.929714     -5.82263     0.619809
     -6.76652     0.946162     -5.82036     0.630775
     -6.78737     0.967007     -5.82036     0.644671
     -6.81131     0.989649     -5.82166     0.659766
     -6.83474      1.01114      -5.8236     0.674092
     -6.85225      1.02864     -5.82361      0.68576
     -6.86234      1.04002     -5.82231     0.693348
      -6.8665      1.04419     -5.82231     0.696125
     -6.86153      1.04117     -5.82037      0.69411
     -6.85542      1.03214     -5.82328      0.68809
     -6.84333       1.0194     -5.82393     0.679599
     -6.83007      1.00582     -5.82425     0.670548
     -6.81826     0.994331     -5.82393     0.662888
     -6.81216     0.987263      -5.8249     0.658175
     -6.80979     0.985859     -5.82393     0.657239
     -6.81393     0.990005     -5.82393     0.660003
     -6.82286     0.998283     -5.82458     0.665522
     -6.83447       1.0086     -5.82587     0.672397
     -6.84521      1.01901      -5.8262     0.679339
     -6.85604      1.02822     -5.82782     0.685483
     -6.86288      1.03571     -5.82717     0.690476
     -6.86595      1.04137     -5.82458     0.694247
     -6.86638      1.04504     -5.82134     0.696691
     -6.86829       1.0463     -5.82199     0.697536
     -6.86656      1.04457     -5.82199     0.696378
     -6.86133      1.03934     -5.82199     0.692893
     -6.85388       1.0306     -5.82329     0.687064
     -6.84292      1.01899     -5.82393     0.679327
     -6.82947      1.00587     -5.82361     0.670577
     -6.81654     0.993262     -5.82328     0.662175
      -6.8056     0.983612     -5.82199     0.655741
     -6.80099     0.979326     -5.82166     0.652884
     -6.80314     0.981804     -5.82134     0.654536
     -6.81256     0.990574     -5.82199     0.660383
     -6.82618      1.00322     -5.82296     0.668814
     -6.83692      1.01623     -5.82069     0.677483
     -6.84732       1.0263     -5.82102     0.684202
     -6.85111      1.03139     -5.81972     0.687593
