254.251
223.703
280.442
261.082
212.604
237.151
267.482
229.284
205.625
331.452
359.664
291.916
265.452
266.976
258.768
243.059
235.896
247.812
225.571
288.981
239.422
246.923
263.982
206.081
240.513
200.627
311.586
219.796
229.927
221.411
251.369
210.8
164.227
233.025
178.632
157.914
186.868
131.727
169.173
178.14
160.734
186.261
140.526
130.847
108.887
89.5235
77.8083
94.5792
58.4768
54.9349
68.7027
48.2675
41.7946
52.5004
20.9857
20.6085
21.8027
22.1459
17.7914
19.546
21.7017
19.811
15.2809
13.5078
13.2399
13.1182
12.5224
11.6739
12.3099
10.4919
10.5344
11.3457
11.716
10.3653
11.278
10.5621
10.049
10.3767
9.28608
9.4948
9.93448
9.54651
9.33356
9.1788
9.31889
9.43894
9.1788
9.28608
9.32643
9.1788
9.21915
9.21915
9.1788
9.20132
9.1788
9.20132
9.1788
9.20132
9.1788
