49.1895
47.4527
43.7933
51.9081
47.4194
40.2268
49.1693
33.6362
42.5038
47.5602
44.3139
49.4173
52.2617
40.0746
45.7098
44.4211
47.535
53.6765
45.0346
46.2909
42.9062
39.9916
41.0445
46.944
40.7613
34.0489
44.7481
37.2329
37.184
32.4105
47.999
49.1584
35.5979
43.2989
40.5619
33.1011
41.0102
30.6322
26.0582
24.2356
31.8243
30.9147
26.3857
25.7574
23.8706
22.0238
17.1318
16.6818
13.9721
17.6136
11.6771
10.0908
12.8086
12.1081
8.70113
9.40956
7.55075
7.856
10.4188
6.56467
5.84451
6.70176
6.01157
4.89045
4.64336
4.99905
4.81009
4.39144
4.55943
4.11517
4.30107
3.94756
