          0.4          0.4      0.31665
          0.4        0.424     0.243346
          0.4        0.448     0.226144
          0.4        0.472     0.130291
          0.4        0.496      0.13463
          0.4         0.52    0.0827292
          0.4        0.544    0.0723709
          0.4        0.568    0.0296538
          0.4        0.592   -0.0318816
          0.4        0.616   -0.0647927
          0.4         0.64   -0.0651738
          0.4        0.664   -0.0775394
          0.4        0.688    -0.127474
          0.4        0.712     -0.16138
          0.4        0.736    -0.152301
          0.4         0.76    -0.183727
          0.4        0.784    -0.219988
          0.4        0.808    -0.228542
          0.4        0.832     -0.28296
          0.4        0.856     -0.27904
          0.4         0.88    -0.259118
          0.4        0.904     -0.24661
          0.4        0.928    -0.244042
          0.4        0.952    -0.268453
          0.4        0.976    -0.271868
        0.428          0.4     0.289474
        0.428        0.424     0.208174
        0.428        0.448     0.134903
        0.428        0.472     0.107385
        0.428        0.496    0.0745114
        0.428         0.52    0.0231071
        0.428        0.544    0.0162133
        0.428        0.568   -0.0301925
        0.428        0.592   -0.0790999
        0.428        0.616    -0.077364
        0.428         0.64   -0.0877647
        0.428        0.664    -0.110511
        0.428        0.688     -0.17059
        0.428        0.712    -0.172745
        0.428        0.736     -0.21354
        0.428         0.76    -0.232112
        0.428        0.784    -0.246031
        0.428        0.808    -0.245409
        0.428        0.832    -0.227201
        0.428        0.856    -0.275235
        0.428         0.88    -0.283087
        0.428        0.904    -0.309108
        0.428        0.928    -0.256873
        0.428        0.952    -0.206288
        0.428        0.976    -0.296615
        0.456          0.4     0.168358
        0.456        0.424    0.0805581
        0.456        0.448      0.11122
        0.456        0.472     0.058438
        0.456        0.496     0.015994
        0.456         0.52    0.0132938
        0.456        0.544   -0.0367147
        0.456        0.568   -0.0896175
        0.456        0.592   -0.0773936
        0.456        0.616    -0.124054
        0.456         0.64    -0.159931
        0.456        0.664    -0.164031
        0.456        0.688    -0.169224
        0.456        0.712    -0.205341
        0.456        0.736    -0.220766
        0.456         0.76    -0.238326
        0.456        0.784    -0.231167
        0.456        0.808    -0.260489
        0.456        0.832    -0.274232
        0.456        0.856    -0.290184
        0.456         0.88    -0.259321
        0.456        0.904    -0.285383
        0.456        0.928    -0.277383
        0.456        0.952    -0.227997
        0.456        0.976    -0.250684
        0.484          0.4     0.196205
        0.484        0.424    0.0347468
        0.484        0.448    0.0413582
        0.484        0.472   -0.0187861
        0.484        0.496   -0.0669447
        0.484         0.52   -0.0792491
        0.484        0.544   -0.0733722
        0.484        0.568    -0.128452
        0.484        0.592    -0.128716
        0.484        0.616     -0.15442
        0.484         0.64    -0.191844
        0.484        0.664    -0.195441
        0.484        0.688    -0.219276
        0.484        0.712    -0.227335
        0.484        0.736    -0.243101
        0.484         0.76    -0.249832
        0.484        0.784    -0.251115
        0.484        0.808    -0.278554
        0.484        0.832    -0.260937
        0.484        0.856    -0.234449
        0.484         0.88    -0.247455
        0.484        0.904    -0.271223
        0.484        0.928    -0.181457
        0.484        0.952    -0.218283
        0.484        0.976    -0.239935
        0.512          0.4     0.137741
        0.512        0.424    0.0502001
        0.512        0.448   -0.0265569
        0.512        0.472   -0.0658772
        0.512        0.496   -0.0867864
        0.512         0.52   -0.0985118
        0.512        0.544    -0.131881
        0.512        0.568    -0.169904
        0.512        0.592    -0.190938
        0.512        0.616    -0.187049
        0.512         0.64    -0.215403
        0.512        0.664    -0.211877
        0.512        0.688    -0.242209
        0.512        0.712    -0.255982
        0.512        0.736    -0.267854
        0.512         0.76    -0.281213
        0.512        0.784    -0.270159
        0.512        0.808    -0.315619
        0.512        0.832    -0.260856
        0.512        0.856     -0.25991
        0.512         0.88    -0.270916
        0.512        0.904    -0.311196
        0.512        0.928    -0.290663
        0.512        0.952    -0.232342
        0.512        0.976    -0.236826
         0.54          0.4     0.159742
         0.54        0.424     0.041059
         0.54        0.448 -0.000599226
         0.54        0.472    -0.104297
         0.54        0.496    -0.136229
         0.54         0.52    -0.156528
         0.54        0.544    -0.162105
         0.54        0.568      -0.1854
         0.54        0.592    -0.224997
         0.54        0.616    -0.240349
         0.54         0.64    -0.232174
         0.54        0.664    -0.240625
         0.54        0.688    -0.276938
         0.54        0.712    -0.288754
         0.54        0.736    -0.285591
         0.54         0.76    -0.306573
         0.54        0.784    -0.305962
         0.54        0.808    -0.282699
         0.54        0.832    -0.309576
         0.54        0.856    -0.290061
         0.54         0.88    -0.269722
         0.54        0.904     -0.19036
         0.54        0.928    -0.206715
         0.54        0.952    -0.187041
         0.54        0.976    -0.209548
        0.568          0.4     0.191372
        0.568        0.424    0.0777218
        0.568        0.448   -0.0461051
        0.568        0.472    -0.147985
        0.568        0.496    -0.179427
        0.568         0.52    -0.209187
        0.568        0.544    -0.257436
        0.568        0.568    -0.227808
        0.568        0.592    -0.257195
        0.568        0.616    -0.284654
        0.568         0.64    -0.292189
        0.568        0.664    -0.297706
        0.568        0.688    -0.311385
        0.568        0.712      -0.3155
        0.568        0.736    -0.340569
        0.568         0.76    -0.312113
        0.568        0.784    -0.302175
        0.568        0.808    -0.270605
        0.568        0.832      -0.3034
        0.568        0.856    -0.306108
        0.568         0.88    -0.271676
        0.568        0.904    -0.220501
        0.568        0.928    -0.233168
        0.568        0.952    -0.218015
        0.568        0.976    -0.153568
        0.596          0.4     0.212474
        0.596        0.424    -0.031429
        0.596        0.448   -0.0792752
        0.596        0.472    -0.129892
        0.596        0.496    -0.175938
        0.596         0.52    -0.258093
        0.596        0.544    -0.265354
        0.596        0.568    -0.298868
        0.596        0.592    -0.291697
        0.596        0.616     -0.29446
        0.596         0.64    -0.330219
        0.596        0.664    -0.335707
        0.596        0.688    -0.310689
        0.596        0.712    -0.329024
        0.596        0.736    -0.336442
        0.596         0.76    -0.326031
        0.596        0.784    -0.334739
        0.596        0.808    -0.320756
        0.596        0.832    -0.310609
        0.596        0.856    -0.314519
        0.596         0.88    -0.274666
        0.596        0.904    -0.280421
        0.596        0.928    -0.207668
        0.596        0.952    -0.202248
        0.596        0.976    -0.214386
        0.624          0.4     0.221164
        0.624        0.424    0.0295266
        0.624        0.448   -0.0947085
        0.624        0.472    -0.151431
        0.624        0.496    -0.216699
        0.624         0.52    -0.253189
        0.624        0.544    -0.305996
        0.624        0.568    -0.347058
        0.624        0.592    -0.321799
        0.624        0.616     -0.34846
        0.624         0.64    -0.355253
        0.624        0.664    -0.363526
        0.624        0.688     -0.33919
        0.624        0.712    -0.351197
        0.624        0.736    -0.339535
        0.624         0.76    -0.342779
        0.624        0.784    -0.301646
        0.624        0.808    -0.315857
        0.624        0.832    -0.231986
        0.624        0.856    -0.256549
        0.624         0.88    -0.280941
        0.624        0.904    -0.223163
        0.624        0.928    -0.192912
        0.624        0.952    -0.282705
        0.624        0.976    -0.125096
        0.652          0.4     0.213003
        0.652        0.424    0.0202982
        0.652        0.448    -0.187452
        0.652        0.472    -0.219599
        0.652        0.496    -0.281338
        0.652         0.52    -0.326651
        0.652        0.544    -0.353974
        0.652        0.568    -0.333069
        0.652        0.592    -0.369852
        0.652        0.616    -0.370323
        0.652         0.64    -0.364872
        0.652        0.664    -0.357754
        0.652        0.688    -0.347827
        0.652        0.712    -0.369906
        0.652        0.736    -0.363488
        0.652         0.76    -0.328956
        0.652        0.784     -0.35477
        0.652        0.808    -0.348941
        0.652        0.832    -0.316974
        0.652        0.856    -0.278994
        0.652         0.88    -0.220528
        0.652        0.904    -0.217399
        0.652        0.928    -0.237136
        0.652        0.952   -0.0868781
        0.652        0.976    -0.180859
         0.68          0.4      0.28912
         0.68        0.424   0.00448228
         0.68        0.448   -0.0708212
         0.68        0.472    -0.184836
         0.68        0.496    -0.260666
         0.68         0.52    -0.321983
         0.68        0.544    -0.332399
         0.68        0.568    -0.386898
         0.68        0.592    -0.385983
         0.68        0.616    -0.393255
         0.68         0.64    -0.397882
         0.68        0.664    -0.403461
         0.68        0.688    -0.395386
         0.68        0.712    -0.373882
         0.68        0.736    -0.341886
         0.68         0.76    -0.307093
         0.68        0.784    -0.363371
         0.68        0.808    -0.333113
         0.68        0.832    -0.338535
         0.68        0.856    -0.252815
         0.68         0.88    -0.229656
         0.68        0.904    -0.213892
         0.68        0.928    -0.162668
         0.68        0.952   -0.0855853
         0.68        0.976   -0.0442941
        0.708          0.4     0.282775
        0.708        0.424    0.0194978
        0.708        0.448   -0.0903863
        0.708        0.472    -0.146771
        0.708        0.496    -0.235873
        0.708         0.52     -0.32754
        0.708        0.544     -0.39946
        0.708        0.568    -0.385032
        0.708        0.592    -0.409548
        0.708        0.616    -0.410746
        0.708         0.64    -0.408732
        0.708        0.664    -0.395599
        0.708        0.688    -0.395891
        0.708        0.712    -0.395176
        0.708        0.736    -0.372702
        0.708         0.76    -0.363476
        0.708        0.784    -0.319698
        0.708        0.808    -0.295848
        0.708        0.832    -0.271944
        0.708        0.856    -0.256993
        0.708         0.88    -0.264621
        0.708        0.904    -0.174744
        0.708        0.928     -0.14977
        0.708        0.952    -0.122919
        0.708        0.976    0.0112886
        0.736          0.4     0.280147
        0.736        0.424    0.0751901
        0.736        0.448    -0.046137
        0.736        0.472    -0.199869
        0.736        0.496    -0.291363
        0.736         0.52    -0.352717
        0.736        0.544    -0.389838
        0.736        0.568    -0.406234
        0.736        0.592    -0.415078
        0.736        0.616    -0.417768
        0.736         0.64    -0.423763
        0.736        0.664    -0.426678
        0.736        0.688    -0.433424
        0.736        0.712    -0.395906
        0.736        0.736    -0.379487
        0.736         0.76    -0.392544
        0.736        0.784    -0.337254
        0.736        0.808    -0.279849
        0.736        0.832    -0.292245
        0.736        0.856    -0.280184
        0.736         0.88    -0.119593
        0.736        0.904    -0.198338
        0.736        0.928    -0.223907
        0.736        0.952    -0.170743
        0.736        0.976    -0.126647
        0.764          0.4     0.331441
        0.764        0.424    0.0891062
        0.764        0.448    -0.110925
        0.764        0.472    -0.251015
        0.764        0.496    -0.258245
        0.764         0.52    -0.374566
        0.764        0.544    -0.393001
        0.764        0.568    -0.427044
        0.764        0.592    -0.438471
        0.764        0.616    -0.435958
        0.764         0.64    -0.436161
        0.764        0.664    -0.433995
        0.764        0.688     -0.41237
        0.764        0.712    -0.376716
        0.764        0.736    -0.355966
        0.764         0.76    -0.323498
        0.764        0.784    -0.333072
        0.764        0.808    -0.308314
        0.764        0.832      -0.2395
        0.764        0.856    -0.245594
        0.764         0.88    -0.160196
        0.764        0.904     -0.18417
        0.764        0.928   -0.0626867
        0.764        0.952   -0.0292123
        0.764        0.976    0.0357673
        0.792          0.4     0.310489
        0.792        0.424     0.150364
        0.792        0.448   -0.0997175
        0.792        0.472    -0.186173
        0.792        0.496    -0.267994
        0.792         0.52    -0.307173
        0.792        0.544    -0.393174
        0.792        0.568    -0.440967
        0.792        0.592    -0.438647
        0.792        0.616    -0.443898
        0.792         0.64    -0.426578
        0.792        0.664     -0.41803
        0.792        0.688    -0.394383
        0.792        0.712    -0.394313
        0.792        0.736    -0.378576
        0.792         0.76    -0.321704
        0.792        0.784    -0.242871
        0.792        0.808    -0.343624
        0.792        0.832    -0.292348
        0.792        0.856    -0.264249
        0.792         0.88   -0.0707692
        0.792        0.904    -0.123877
        0.792        0.928    -0.085319
        0.792        0.952   -0.0348025
        0.792        0.976   0.00105011
         0.82          0.4     0.232639
         0.82        0.424    0.0811726
         0.82        0.448  -0.00669476
         0.82        0.472    -0.190206
         0.82        0.496    -0.257633
         0.82         0.52    -0.325383
         0.82        0.544    -0.390117
         0.82        0.568    -0.414865
         0.82        0.592    -0.449763
         0.82        0.616    -0.446685
         0.82         0.64    -0.424837
         0.82        0.664    -0.398398
         0.82        0.688     -0.38284
         0.82        0.712    -0.389858
         0.82        0.736    -0.351352
         0.82         0.76    -0.366478
         0.82        0.784     -0.35167
         0.82        0.808    -0.294417
         0.82        0.832    -0.268636
         0.82        0.856    -0.125557
         0.82         0.88    -0.103653
         0.82        0.904   -0.0781819
         0.82        0.928   -0.0113952
         0.82        0.952    0.0335672
         0.82        0.976     0.102706
        0.848          0.4     0.356545
        0.848        0.424     0.122777
        0.848        0.448  -0.00849897
        0.848        0.472    -0.143122
        0.848        0.496    -0.235341
        0.848         0.52    -0.344917
        0.848        0.544    -0.380293
        0.848        0.568    -0.414385
        0.848        0.592     -0.43104
        0.848        0.616    -0.435078
        0.848         0.64    -0.418325
        0.848        0.664    -0.433604
        0.848        0.688     -0.40732
        0.848        0.712    -0.373683
        0.848        0.736    -0.372848
        0.848         0.76    -0.320322
        0.848        0.784    -0.279032
        0.848        0.808    -0.199285
        0.848        0.832    -0.156858
        0.848        0.856    -0.206837
        0.848         0.88    -0.103501
        0.848        0.904    0.0258406
        0.848        0.928    0.0530487
        0.848        0.952     0.222584
        0.848        0.976    0.0588238
        0.876          0.4     0.220798
        0.876        0.424     0.106325
        0.876        0.448   -0.0127849
        0.876        0.472    -0.148132
        0.876        0.496    -0.265894
        0.876         0.52    -0.336564
        0.876        0.544    -0.380937
        0.876        0.568    -0.396737
        0.876        0.592    -0.426784
        0.876        0.616    -0.432055
        0.876         0.64    -0.409749
        0.876        0.664    -0.400192
        0.876        0.688    -0.371577
        0.876        0.712    -0.364831
        0.876        0.736    -0.350219
        0.876         0.76    -0.274689
        0.876        0.784    -0.259612
        0.876        0.808    -0.185495
        0.876        0.832    -0.191714
        0.876        0.856   -0.0437688
        0.876         0.88   0.00407416
        0.876        0.904   -0.0731222
        0.876        0.928    0.0798325
        0.876        0.952     0.138723
        0.876        0.976     0.323806
        0.904          0.4      0.23074
        0.904        0.424     0.121146
        0.904        0.448   -0.0102374
        0.904        0.472    -0.121988
        0.904        0.496    -0.238746
        0.904         0.52    -0.313727
        0.904        0.544    -0.331555
        0.904        0.568    -0.386461
        0.904        0.592    -0.402002
        0.904        0.616    -0.406145
        0.904         0.64    -0.407946
        0.904        0.664    -0.382013
        0.904        0.688     -0.39206
        0.904        0.712    -0.326383
        0.904        0.736    -0.231021
        0.904         0.76    -0.205263
        0.904        0.784    -0.232042
        0.904        0.808    -0.165941
        0.904        0.832    0.0404808
        0.904        0.856   -0.0647631
        0.904         0.88     0.109539
        0.904        0.904    0.0634263
        0.904        0.928     0.155415
        0.904        0.952     0.173746
        0.904        0.976     0.211149
        0.932          0.4     0.252324
        0.932        0.424     0.110392
        0.932        0.448  -0.00906456
        0.932        0.472    -0.112651
        0.932        0.496    -0.185981
        0.932         0.52    -0.256515
        0.932        0.544    -0.315949
        0.932        0.568    -0.368765
        0.932        0.592    -0.373792
        0.932        0.616    -0.378146
        0.932         0.64    -0.380293
        0.932        0.664    -0.351205
        0.932        0.688    -0.327967
        0.932        0.712    -0.312666
        0.932        0.736    -0.300286
        0.932         0.76     -0.18972
        0.932        0.784    -0.194493
        0.932        0.808   -0.0210015
        0.932        0.832   -0.0746823
        0.932        0.856    0.0742874
        0.932         0.88    0.0975695
        0.932        0.904     0.157699
        0.932        0.928     0.231199
        0.932        0.952     0.290931
        0.932        0.976      0.30381
         0.96          0.4     0.297492
         0.96        0.424     0.190732
         0.96        0.448   0.00514914
         0.96        0.472   -0.0773342
         0.96        0.496    -0.142974
         0.96         0.52    -0.233799
         0.96        0.544     -0.29637
         0.96        0.568    -0.347701
         0.96        0.592    -0.339503
         0.96        0.616    -0.321307
         0.96         0.64    -0.320942
         0.96        0.664     -0.28622
         0.96        0.688    -0.308604
         0.96        0.712    -0.261251
         0.96        0.736    -0.156278
         0.96         0.76    -0.020045
         0.96        0.784   -0.0943923
         0.96        0.808    -0.115514
         0.96        0.832    0.0411878
         0.96        0.856    0.0409129
         0.96         0.88    0.0495845
         0.96        0.904     0.236901
         0.96        0.928     0.439663
         0.96        0.952     0.467836
         0.96        0.976     0.366132
        0.988          0.4     0.317331
        0.988        0.424     0.127371
        0.988        0.448   -0.0408737
        0.988        0.472   -0.0357985
        0.988        0.496     -0.17054
        0.988         0.52    -0.216706
        0.988        0.544    -0.244941
        0.988        0.568    -0.285995
        0.988        0.592    -0.298873
        0.988        0.616    -0.294907
        0.988         0.64    -0.263036
        0.988        0.664    -0.316208
        0.988        0.688     -0.22947
        0.988        0.712    -0.193937
        0.988        0.736    -0.139935
        0.988         0.76    -0.142094
        0.988        0.784   -0.0079545
        0.988        0.808    0.0622988
        0.988        0.832     0.242738
        0.988        0.856       0.1424
        0.988         0.88     0.367034
        0.988        0.904     0.234135
        0.988        0.928     0.430648
        0.988        0.952     0.625839
        0.988        0.976     0.829767
        1.016          0.4     0.334614
        1.016        0.424     0.169806
        1.016        0.448    0.0877075
        1.016        0.472   -0.0291813
        1.016        0.496   -0.0902876
        1.016         0.52    -0.154698
        1.016        0.544    -0.228266
        1.016        0.568      -0.2353
        1.016        0.592    -0.259526
        1.016        0.616    -0.283569
        1.016         0.64    -0.225489
        1.016        0.664    -0.220139
        1.016        0.688    -0.180155
        1.016        0.712    -0.175029
        1.016        0.736   -0.0694587
        1.016         0.76    -0.126808
        1.016        0.784    0.0265501
        1.016        0.808     0.136479
        1.016        0.832     0.120146
        1.016        0.856     0.215514
        1.016         0.88     0.341837
        1.016        0.904     0.393633
        1.016        0.928     0.563731
        1.016        0.952     0.476746
        1.016        0.976     0.779411
        1.044          0.4     0.355498
        1.044        0.424     0.287807
        1.044        0.448     0.087165
        1.044        0.472   0.00144545
        1.044        0.496   -0.0913123
        1.044         0.52     -0.11954
        1.044        0.544     -0.14535
        1.044        0.568    -0.164075
        1.044        0.592    -0.176419
        1.044        0.616     -0.20619
        1.044         0.64    -0.160827
        1.044        0.664   -0.0989463
        1.044        0.688   -0.0949508
        1.044        0.712    -0.107317
        1.044        0.736   -0.0244002
        1.044         0.76    0.0958735
        1.044        0.784     0.105557
        1.044        0.808     0.155513
        1.044        0.832     0.201378
        1.044        0.856      0.34259
        1.044         0.88     0.464452
        1.044        0.904     0.493355
        1.044        0.928     0.721793
        1.044        0.952     0.586395
        1.044        0.976     0.635583
        1.072          0.4     0.344688
        1.072        0.424     0.204622
        1.072        0.448     0.135203
        1.072        0.472    0.0340801
        1.072        0.496   -0.0474718
        1.072         0.52   -0.0907053
        1.072        0.544    -0.149032
        1.072        0.568    -0.164735
        1.072        0.592     -0.13295
        1.072        0.616   -0.0916549
        1.072         0.64   -0.0729716
        1.072        0.664     -0.17205
        1.072        0.688   -0.0746043
        1.072        0.712     0.101234
        1.072        0.736    0.0520387
        1.072         0.76    0.0980458
        1.072        0.784     0.273884
        1.072        0.808     0.294921
        1.072        0.832     0.370722
        1.072        0.856     0.412052
        1.072         0.88     0.582929
        1.072        0.904     0.783778
        1.072        0.928      0.59583
        1.072        0.952     0.825636
        1.072        0.976      1.04296
