1.00289
1.01244
0.997329
0.973382
1.02491
1.01165
0.989085
1.01274
0.99487
1.00398
1.02169
1.00754
0.980798
0.98925
0.977127
0.975763
1.00145
1.01534
1.00922
0.967767
1.00838
1.00201
0.994443
0.97996
1.01786
1.01667
1.02459
0.990439
1.01882
1.00646
1.00557
0.999693
0.99059
1.02083
0.989535
1.0195
1.00399
0.992627
0.995942
0.993502
0.975218
0.982348
0.995421
1.006
1.00309
1.02842
1.00802
0.990496
0.983031
0.989104
1.00121
1.00592
0.991231
1.01312
0.999748
0.985875
1.02149
0.988902
0.990961
1.00432
0.991214
0.989981
1.00476
0.973557
1.01259
1.02242
1.02204
0.972658
1.01078
1.00723
0.997399
0.982711
1.00789
0.993614
1.01987
0.987763
0.98988
1.0005
0.994922
0.997846
1.00488
0.999233
1.01717
0.978224
1.01593
1.00438
1.01446
0.986692
0.994532
0.977101
0.989233
1.00516
0.984586
1.00045
1.00297
1.0164
1.0003
1.00326
0.978009
0.994218
