-0.208787   0.0238185   0.0648206
0.382771   0.448103   0.284131
-0.0139447   0.0096474   0.00375495
0.231559   -0.0914799   -0.186873
-0.138948   0.038291   0.484228
0.20911   -0.00340218   -0.0194535
0.414663   0.253001   -0.419712
0.207206   -0.272789   0.349317
0.22282   -0.280156   0.433839
0.178955   -0.177245   -0.112797
0.0591138   0.34293   -0.446041
0.339111   0.107013   -0.39071
-0.175771   0.433424   0.0599326
-0.394694   0.282098   -0.106461
0.140077   -0.256497   -0.284165
0.374661   -0.118477   -0.247494
-0.41153   -0.264831   0.0972406
0.103417   -0.129437   -0.0681252
0.30545   -0.252692   -0.170394
0.199352   0.200799   0.347949
-0.266755   0.444543   0.36629
-0.198937   -0.487774   0.100823
-0.406686   0.0517485   0.105539
0.230806   -0.378925   -0.00124621
0.181949   0.225891   -0.103834
-0.499981   0.0286869   -0.387589
-0.298941   0.020474   -0.464778
-0.053312   0.499057   0.31649
0.179646   -0.147193   -0.00272596
-0.241085   -0.411647   0.144715
-0.345565   0.492605   0.378457
0.131978   0.139295   0.277226
0.0709872   0.390046   -0.115898
0.148522   -0.246775   0.217963
0.47623   0.196578   -0.00587793
-0.0451086   -0.0501749   -0.256793
-0.308508   0.197267   -0.0959406
-0.160904   -0.0417434   0.00596947
-0.173456   0.176845   -0.293906
-0.22457   0.2565   -0.048931
0.328414   0.214334   0.324916
-0.117735   0.276446   0.0913231
0.20488   -0.100001   -0.318181
-0.322126   0.0482575   -0.347939
-0.3537   0.188275   0.459059
0.00469097   0.0990637   -0.176305
0.0855598   -0.0498323   0.129588
0.397329   -0.049472   -0.22284
0.292354   -0.0440448   0.287478
-0.373305   0.392732   0.129688
0.394887   0.322097   -0.476295
-0.140114   0.0918502   -0.315283
-0.343728   -0.366134   0.294185
0.26431   0.147111   0.368824
0.46148   -0.0961226   -0.319373
-0.361343   -0.378326   -0.0453568
0.298294   -0.215782   0.457522
0.269472   -0.177811   -0.47252
-0.0814955   0.14993   -0.0392268
0.441869   -0.310733   0.152061
0.268599   -0.400944   0.165963
-0.0162826   -0.353254   0.443484
-0.230574   -0.0180613   -0.031543
0.346839   0.0529471   -0.293708
0.399353   0.145962   0.488097
0.220928   0.286525   -0.229241
0.42737   0.100758   -0.447959
-0.19991   0.311563   0.164925
0.386407   0.0355288   -0.137904
-0.0273006   -0.0367354   -0.4002
-0.458204   0.102793   0.401825
-0.474168   -0.469122   0.0985747
-0.0927148   -0.398396   0.290409
-0.270988   0.448958   0.167024
-0.407601   -0.345143   -0.174243
0.396156   -0.409856   -0.353645
-0.0414311   -0.220522   0.23484
-0.460066   -0.137801   0.464167
-0.424144   0.145861   -0.0413095
-0.234816   -0.0511504   0.10846
0.205163   -0.168929   -0.205628
0.120373   -0.224013   -0.137372
-0.0634515   -0.123874   -0.125038
-0.305894   0.0994707   -0.108902
0.278413   -0.262098   -0.483978
0.30259   -0.0242251   -0.310711
0.147188   -0.494901   -0.473959
-0.445403   -0.0437023   0.187375
-0.222881   0.160453   -0.0477971
0.337331   0.137401   0.428207
0.394678   0.171972   -0.250705
0.432254   0.100103   -0.0588079
-0.163548   -0.476219   0.226438
0.32464   0.0967022   0.272238
0.406204   0.47303   -0.364201
0.180943   -0.00752678   0.41414
-0.43307   -0.0349345   0.491335
-0.17315   0.473579   -0.133239
0.192733   -0.309329   -0.0454371
0.134853   -0.337798   0.23347
-0.448149   -0.193706   -0.187
0.0540838   -0.016254   -0.417966
0.0934896   0.296131   -0.0685444
-0.378889   0.0580173   -0.47113
-0.191535   0.23263   0.0387419
-0.00670804   -0.144812   -0.2396
-0.0663783   0.15596   -0.238358
-0.0241506   0.0302477   -0.305947
