0.295693   0.334747   -0.39778
-0.357163   -0.342702   0.405863
0.33448   -0.263803   -0.249192
-0.211884   0.411986   -0.421002
-0.0424165   0.316216   0.336928
0.00159389   -0.283601   0.330326
-0.20113   -0.455192   -0.334606
-0.0248629   0.482509   -0.224457
0.258527   0.459127   0.364248
0.376744   -0.377183   -0.405937
0.311368   -0.222256   -0.397773
0.156181   -0.42327   -0.383848
-0.46768   -0.0868693   -0.333383
-0.367603   -0.0994782   -0.381044
0.428138   -0.018446   -0.279526
-0.441925   -0.0418437   -0.203407
-0.25996   -0.198048   -0.380073
-0.0156805   -0.113837   0.432291
-0.233119   -0.145228   -0.329445
0.140304   -0.0267492   -0.483447
0.308185   -0.185719   -0.464501
0.260275   0.172938   -0.48715
0.100713   -0.207512   -0.194458
0.176991   -0.21006   -0.35118
0.421434   0.321352   -0.473713
-0.354866   0.478837   0.335273
-0.407105   0.420573   -0.196302
-0.332144   0.0559995   -0.232875
-0.0379683   0.201751   -0.397865
0.0766952   -0.495492   -0.339655
-0.27539   0.249967   -0.370874
-0.00419004   0.186741   -0.190776
0.125005   0.281794   0.434665
0.306919   0.337565   -0.486717
0.0775094   0.199231   -0.455784
0.325115   0.253417   0.497804
-0.455807   -0.439699   0.0209213
-0.25206   -0.327621   -0.00562165
-0.452928   -0.215654   -0.113683
-0.478806   -0.451218   -0.110998
-0.341771   0.41967   -0.256991
0.000336692   -0.44886   -0.101262
-0.0372218   -0.402669   -0.0222653
-0.0851231   -0.359789   0.0297207
0.0939792   -0.415446   -0.109562
0.263576   -0.358503   -0.291492
0.18082   -0.220662   0.0499236
0.454561   -0.487515   -0.12406
-0.409916   -0.306835   -0.131316
-0.341564   -0.0757415   -0.1887
-0.485226   0.0557563   -0.0806816
-0.462285   -0.248851   0.0655567
-0.308997   -0.165542   -0.0770497
0.0942751   -0.0808307   -0.119432
-0.20627   -0.118495   -0.16575
0.143171   -0.199226   -0.121851
0.31972   -0.215192   -0.324201
0.471637   -0.164907   -0.281939
-0.017346   -0.0682257   -0.0711516
0.14984   -0.103833   -0.0633972
0.398582   0.228169   -0.126805
-0.157264   0.327216   -0.246523
-0.411987   0.406958   -0.0834553
-0.206569   0.142071   0.0151361
-0.139952   0.270612   -0.0564572
-0.0116213   0.364143   -0.136324
-0.19815   0.439418   0.0842088
0.0631683   0.323304   0.216847
0.291682   0.0778931   -0.139555
0.330757   0.165333   -0.179272
0.185923   0.459173   -0.00735422
0.415611   0.229858   -0.00199018
-0.394592   -0.44023   0.271861
0.480417   -0.195294   0.185135
0.479569   0.489612   0.42552
-0.347549   -0.440461   0.424031
-0.28852   -0.35145   0.315673
0.142035   -0.325935   0.0395166
-0.212915   -0.165532   0.235165
-0.0406303   0.40618   0.363567
0.302493   0.460695   0.170306
0.439712   -0.399062   0.0732971
0.362459   -0.455308   0.395273
0.356702   0.325853   0.163676
-0.403952   -0.109719   0.110592
-0.383825   0.0554665   0.25145
0.380748   0.113923   0.423302
-0.201878   -0.340339   0.2002
-0.132378   -0.188777   0.027472
-0.0582468   -0.118308   0.192198
-0.0155815   0.166161   0.313922
-0.100954   -0.108435   0.263886
0.26734   -0.0653726   0.153399
0.268871   -0.115484   0.054929
0.0523415   0.162782   0.26232
0.443584   -0.317873   0.309359
-0.464108   0.0305776   0.302974
-0.472769   -0.493486   0.0879108
0.41853   0.160714   0.229809
-0.317085   0.195664   0.473328
-0.0954486   0.24538   0.257863
0.0410563   0.163272   0.169556
-0.24838   0.282544   0.406586
-0.153502   0.242438   0.343898
0.172523   0.186989   0.118871
0.396753   0.22719   0.196376
0.163762   0.464817   0.466264
0.319865   0.249083   0.286714
