1
2.02831
3.04029
4.04435
5.00778
6.03197
7.01962
8.02736
9.04201
10.0262
11.0369
12.0044
12.976
13.9857
14.9895
15.9525
17.0078
18.0476
19.0769
20.1521
21.2276
22.2456
23.2634
24.1397
25.1293
26.2027
27.1815
28.2348
29.169
30.2676
31.2968
32.2894
33.2843
34.2228
35.2646
36.2928
37.2032
38.3195
39.2101
40.1968
41.2862
42.2731
43.2481
44.1814
45.2501
46.2333
47.2641
48.2859
49.2681
50.2737
51.3189
52.437
53.6757
54.7383
55.7083
56.8807
57.7877
58.8004
59.7564
60.7927
61.7102
62.705
63.5947
64.6313
65.5718
66.4709
67.5206
68.5506
69.6222
70.633
71.5972
72.763
73.7063
74.6461
75.5952
76.862
77.8358
78.8416
79.8212
80.7689
81.7684
82.785
83.9606
84.9112
85.8182
86.7841
87.8654
89.0383
90.2752
91.3462
92.4758
93.4871
94.4067
95.3204
96.1849
97.1008
97.9498
99.0774
100.068
100.924
101.997
102.979
104.031
105.043
106.083
107.071
108.054
109.218
110.262
111.34
112.309
113.166
114.25
115.375
116.417
117.409
118.42
119.429
120.615
121.562
122.616
123.496
124.366
125.461
126.602
127.619
128.711
129.722
130.53
131.397
132.362
133.448
134.724
135.545
136.538
137.429
138.407
139.454
140.526
141.76
142.788
143.65
144.604
145.796
146.654
147.614
148.658
149.675
150.755
151.679
152.662
153.631
154.673
155.865
156.662
157.354
158.294
159.388
160.29
161.165
162.162
163.147
164.307
165.293
166.131
167.204
168.334
169.351
170.624
171.496
172.683
173.805
174.795
175.714
176.721
178.009
178.874
179.799
180.959
181.785
182.717
183.72
184.708
185.538
186.716
187.662
188.562
189.174
190.022
190.99
191.963
193.169
194.558
195.547
196.842
197.98
199.106
200.156
200.998
201.929
203.066
204.107
204.865
205.84
206.664
207.515
208.431
209.563
210.457
211.064
212.263
213.353
214.351
215.408
216.623
217.789
218.621
219.949
220.748
221.787
222.462
223.427
224.45
225.374
226.71
227.656
228.716
229.384
230.66
231.709
232.582
233.491
234.769
235.971
237.15
237.987
239.054
240.679
241.557
242.327
243.391
244.426
245.263
246.123
247.139
247.967
248.898
249.707
250.601
251.886
252.527
253.366
254.148
255.269
256.53
257.441
258.303
259.435
260.337
261.205
261.724
262.494
263.427
264.251
265.176
266.436
267.298
267.995
269.092
269.998
270.698
271.791
272.559
273.125
274.17
275.34
276.067
277.16
278.3
279.454
280.364
281.298
282.258
283.715
284.716
285.848
286.808
287.665
288.854
290.209
291.27
292.493
293.444
294.298
295.491
296.383
297.513
298.391
299.427
300.422
301.591
302.911
303.949
305.119
306.342
307.496
308.527
309.234
310.191
311.248
312.27
312.805
313.779
314.32
315.55
316.814
317.727
318.993
319.859
320.432
321.728
322.933
323.572
324.575
325.54
326.636
327.451
328.589
329.367
330.147
331.473
332.504
333.771
334.849
336.005
337.303
338.616
339.725
340.985
341.964
342.54
343.32
344.072
345.166
346.544
347.591
348.527
349.475
350.795
351.476
352.229
352.817
353.6
354.549
355.257
356.434
357.421
359.041
360.142
361.227
362.315
363.378
364.623
365.975
367.162
368.312
369.072
370.196
371.168
372.164
373.182
374.099
375.137
376.106
376.99
377.778
378.832
379.755
380.466
381.622
382.273
383.577
384.706
385.807
386.588
387.869
389.417
390.83
391.51
392.994
394.165
394.868
396.185
397.689
398.984
400.057
400.943
402.176
403.306
404.145
405.363
406.001
406.939
407.986
408.851
409.5
410.637
411.504
412.761
413.786
414.455
415.704
416.888
417.726
418.729
419.775
420.882
422.151
422.847
423.764
424.82
425.682
426.771
427.541
428.483
429.595
430.579
431.793
432.838
433.722
434.989
435.922
436.719
437.874
438.44
439.298
440.602
441.394
442.464
443.808
444.848
445.708
447.034
448.113
449.176
450.003
451.13
451.681
452.301
453.467
454.119
454.907
455.447
456.475
457.312
457.978
459.067
459.954
461.281
462.058
462.826
463.766
464.554
465.739
466.76
467.505
468.356
469.422
470.487
471.009
472.279
473.219
473.856
474.987
476.36
476.867
478.05
479.187
480.387
481.249
481.782
482.863
483.467
484.014
485.228
486.615
487.668
488.161
489.473
490.427
491.282
492.004
493.165
494.225
494.918
495.801
496.926
497.892
498.898
499.916
