1
2.0028
3.0058
4.031
5.0232
5.987
6.9804
7.9426
8.9702
9.9556
10.9582
12.0308
13.029
14.0484
15.1038
16.166
17.179
18.2756
19.2864
20.2198
21.1792
22.15
23.1882
24.18
25.1508
26.1958
27.0708
28.0612
29.1694
30.0906
31.0444
32.0052
33.011
33.9958
34.9586
35.9478
36.939
37.965
38.995
39.9616
40.8306
41.7704
42.7274
43.7684
44.6184
45.585
46.578
47.4164
48.4326
49.4824
50.4666
51.6246
52.6524
53.7084
54.813
55.8008
56.7496
57.745
58.8168
59.8106
60.944
61.8634
62.7218
63.6932
64.7826
65.6952
66.6204
67.649
68.5998
69.5492
70.699
71.6078
72.5792
73.6066
74.3444
75.2312
76.0726
77.1368
78.204
79.4122
80.3824
81.2418
82.1138
82.9984
84.1098
85.0426
86.0832
87.2246
88.219
89.1786
90.0456
91.1154
92.1566
93.2564
94.388
95.3396
96.3022
97.2972
98.4482
99.2376
100.353
101.211
102.184
103.11
104.011
105.084
106.172
107.064
107.969
108.976
109.834
110.887
111.828
112.73
113.541
114.559
115.399
116.478
117.34
118.27
119.122
120.111
121.292
122.177
123.247
124.103
125.287
126.185
127.154
128.03
129.161
130.291
131.374
132.385
133.236
134.312
135.442
136.495
137.227
138.334
139.131
140.281
141.37
142.441
143.314
144.318
145.175
146.509
147.395
148.395
149.514
150.555
151.416
152.348
153.303
154.273
155.155
156.527
157.536
158.607
159.471
160.542
161.616
162.642
163.551
164.453
165.543
166.542
167.481
168.368
169.444
170.5
171.517
172.876
174.105
174.946
176.041
177.305
178.178
179.259
180.17
181.242
182.248
183.227
184.211
185.228
186.052
187.139
188.428
189.135
190.207
191.421
192.5
193.585
194.514
195.415
196.362
197.194
198.369
199.36
200.304
201.068
202.376
203.256
203.897
204.927
205.826
206.745
208.059
209.352
210.274
211.504
212.527
213.537
214.649
215.489
216.203
217.129
218.414
219.603
220.61
221.636
222.875
223.994
224.942
226.306
227.304
228.239
229.254
230.177
231.312
232.335
233.274
234.4
235.685
236.717
237.774
238.476
239.605
240.783
241.704
242.671
243.54
244.594
245.605
246.554
247.56
248.464
249.588
251.029
251.879
252.877
253.875
255.337
256.296
257.064
258.282
259.221
260.334
261.309
262.237
263.4
264.147
265.166
266.11
267.207
268.344
269.195
270.439
271.461
272.184
272.93
274.013
275.045
276.236
277.267
278.175
279.369
280.458
281.425
282.478
283.801
285.045
286.199
286.808
288.239
289.521
290.821
291.798
292.888
293.812
294.729
295.83
296.974
297.876
298.682
299.592
300.621
301.436
302.632
303.609
304.947
305.999
306.781
307.6
308.69
309.625
310.828
311.916
312.836
313.777
314.559
315.16
316.292
317.484
318.305
319.137
320.478
321.466
322.17
323.078
324.045
324.997
325.899
327.321
328.182
329.082
330.029
330.583
331.201
332.166
332.965
333.64
334.696
335.598
336.836
337.937
338.514
339.801
340.916
341.71
342.778
343.718
344.649
346.123
347.058
348.192
349.088
350.043
350.787
352.024
353.096
354.41
355.139
355.972
357.047
357.779
359.077
360.188
361.33
362.671
364.024
365.012
365.961
366.674
367.723
368.766
369.655
370.607
371.229
372.165
373.131
374.111
375.177
376.018
377.155
378.311
379.765
380.61
381.45
382.875
383.48
384.563
385.513
386.666
387.52
388.351
389.07
390.152
391.261
392.129
393.137
394.461
395.034
395.986
396.775
397.884
398.846
399.882
400.614
401.773
402.466
403.504
404.008
404.659
405.585
407.159
407.967
409.137
410.505
411.456
412.479
413.315
414.373
415.555
416.737
418.188
419.14
420.177
421.41
422.35
423.123
424.081
425.044
426.101
427.089
428.016
428.934
430.287
431.244
432.166
433.089
433.838
434.72
435.612
437.185
438.272
439.029
440.21
440.778
441.512
441.748
442.641
443.542
444.212
445.439
446.605
447.442
448.743
449.874
450.928
451.923
452.924
453.749
454.585
455.384
456.383
457.349
458.125
459.138
459.633
460.965
461.839
462.887
464.17
465.094
465.827
466.854
467.681
468.704
469.395
470.564
471.236
472.416
473.717
474.818
475.962
476.282
477.207
478.312
479.295
480.215
481.089
481.992
482.935
483.993
484.613
485.474
486.285
486.781
487.962
488.5
489.457
490.678
491.811
492.394
493.389
494.221
495.161
496.207
